PROBA-1                 
1 26958U 01049B   23268.10100378  .00003317  00000+0  26662-3 0  9993
2 26958  97.8826 235.4664 0067703 232.4453 127.0607 14.98954668194005
BIRD 2                  
1 26959U 01049C   23267.94031372  .00428631  80016-4  88969-3 0  9990
2 26959  97.7785  47.2923 0003201 255.9523 104.1397 15.99132662219304
CUTE-1 (CO-55)          
1 27844U 03031E   23267.96618816  .00000580  00000+0  27734-3 0  9995
2 27844  98.6809 273.7778 0009501 190.0246 170.0744 14.22884470 49955
CUBESAT XI-IV (CO-57)   
1 27848U 03031J   23267.51967149  .00000500  00000+0  24403-3 0  9998
2 27848  98.6843 273.7139 0009059 207.2663 152.8041 14.22380350 49620
GENESIS 1               
1 29252U 06029A   23267.56642307  .00014282  00000+0  51180-3 0  9994
2 29252  64.5211 338.9700 0012151 212.3898 147.6486 15.28903523949774
GENESIS 2               
1 31789U 07028A   23267.68083001  .00016105  00000+0  57874-3 0  9997
2 31789  64.4950  23.1233 0052454 248.4204 111.1330 15.27504689896590
APRIZESAT 4             
1 35684U 09041D   23268.09290110  .00001258  00000+0  16895-3 0  9990
2 35684  98.2768 302.0862 0044817 300.6371  59.0425 14.80590718763849
APRIZESAT 3             
1 35686U 09041F   23267.83108746  .00003409  00000+0  34659-3 0  9994
2 35686  98.1026   9.9769 0071001 106.7221 254.1803 14.89625505767697
PROBA-2                 
1 36037U 09059B   23267.50680864  .00000494  00000+0  12879-3 0  9995
2 36037  98.2283  90.5677 0014485 115.3878 244.8819 14.53612509736752
APRIZESAT 5             
1 37792U 11044E   23267.94567667  .00001798  00000+0  25783-3 0  9990
2 37792  98.2617 160.6221 0055851 323.0412  36.6954 14.76808584651668
APRIZESAT 6             
1 37793U 11044F   23267.62836039  .00001346  00000+0  21153-3 0  9994
2 37793  98.3373 139.0673 0046586  25.4649  28.9391 14.73627669650208
PROBA-V                 
1 39159U 13021A   23268.04484109  .00000149  00000+0  84131-4 0  9999
2 39159  98.3179 284.3366 0004540 156.5869 203.5517 14.23152964539402
APRIZESAT 7             
1 39416U 13066A   23267.84878210  .00002693  00000+0  31049-3 0  9996
2 39416  97.6308 231.8551 0037872 267.4325  92.2555 14.85976866532962
APRIZESAT 8             
1 39425U 13066K   23267.85154073  .00002392  00000+0  29513-3 0  9990
2 39425  97.6889 224.4529 0049174 320.7631  39.0023 14.82933558531753
BUGSAT-1 (TITA)         
1 40014U 14033E   23267.89112078  .00006470  00000+0  51339-3 0  9996
2 40014  98.1417 291.3515 0033744 302.4060  57.3899 15.00438053505665
SAUDISAT 4              
1 40016U 14033G   23267.84108413  .00001241  00000+0  18220-3 0  9994
2 40016  97.6472  82.3497 0048798  74.5254 286.1338 14.76375673498892
APRIZESAT 9             
1 40018U 14033J   23267.90776298  .00001672  00000+0  26932-3 0  9992
2 40018  97.7676  60.1190 0070387 161.2214 199.1614 14.71122955497048
APRIZESAT 10            
1 40019U 14033K   23267.91928971  .00001528  00000+0  26134-3 0  9995
2 40019  97.8307  51.0388 0081988 213.6131 145.9859 14.68092659496107
TDS 1                   
1 40076U 14037H   23267.79075590  .00007111  00000+0  75014-3 0  9993
2 40076  98.3314 170.1792 0006956  19.9526 340.1961 14.89618009498722
TIANTUO 2               
1 40144U 14053B   23268.06357940  .00018742  00000+0  36164-3 0  9995
2 40144  97.1531 345.2750 0007250 317.5155  42.5534 15.47841112506680
TECHNOSAT               
1 42829U 17042E   23268.12514050  .00003702  00000+0  35013-3 0  9994
2 42829  97.3855  99.6168 0011955 248.0849 111.9102 14.94183958337414
FLYING LAPTOP           
1 42831U 17042G   23267.86613936  .00002337  00000+0  22711-3 0  9994
2 42831  97.3877  99.6097 0011951 250.1579 109.8354 14.93436756337367
HAWK-A                  
1 43765U 18099H   23267.93719634  .00004963  00000+0  40131-3 0  9997
2 43765  97.5678 328.4175 0011601 134.7906 225.4263 15.00172818262690
HAWK-B                  
1 43794U 18099AN  23267.87087512  .00004850  00000+0  39239-3 0  9997
2 43794  97.5676 328.3522 0011565 136.0796 224.1350 15.00169071262674
HAWK-C                  
1 43799U 18099AT  23267.67059775  .00004965  00000+0  40151-3 0  9992
2 43799  97.5674 328.0546 0011476 136.5382 223.6748 15.00169722263395
SALSAT                  
1 46495U 20068K   23267.83738387  .00006597  00000+0  42296-3 0  9993
2 46495  97.7774 217.0047 0016486 135.8154 224.4394 15.08752274164093
HAWK-2C                 
1 47502U 21006CT  23267.69620238  .00016194  00000+0  76308-3 0  9990
2 47502  97.3757 319.3160 0010393 114.2784 245.9538 15.19535398147539
HAWK-2A                 
1 47505U 21006CW  23267.76224307  .00016294  00000+0  76776-3 0  9998
2 47505  97.3763 319.4902 0010215 113.4228 246.8082 15.19537012147541
HAWK-2B                 
1 47508U 21006CZ  23267.76244359  .00016531  00000+0  77875-3 0  9995
2 47508  97.3758 319.3794 0010502 114.8710 245.3617 15.19539619147549
HAWK-3B                 
1 48931U 21059BE  23267.88780012  .00009923  00000+0  43561-3 0  9990
2 48931  97.5970  42.6370 0012641 295.2220  64.7705 15.22079885124443
HAWK-3C                 
1 48948U 21059BX  23267.88752764  .00010385  00000+0  45561-3 0  9997
2 48948  97.6233  45.2774 0013726 299.2713  60.7150 15.22075892124441
HAWK-3A                 
1 48957U 21059CG  23267.36144604  .00009655  00000+0  42400-3 0  9995
2 48957  97.6103  43.4309 0013628 294.8054  65.1764 15.22064085124364
HAWK-4B                 
1 52165U 22033J   23267.79951506  .00013108  00000+0  45189-3 0  9993
2 52165  97.3505 347.1610 0009434 171.5599 188.5802 15.30087695 82465
HAWK-4A                 
1 52167U 22033L   23267.79926022  .00013486  00000+0  46488-3 0  9992
2 52167  97.3455 346.8391 0008839 171.1794 188.9603 15.30087793 82466
HAWK-4C                 
1 52170U 22033P   23267.79911361  .00013325  00000+0  45908-3 0  9994
2 52170  97.3504 347.1453 0010925 160.5083 199.6577 15.30088543 82463
HAWK-5C                 
1 52754U 22057Y   23267.89200017  .00008724  00000+0  43133-3 0  9993
2 52754  97.5624  23.8711 0008629   4.8246 355.3069 15.18045107 73743
HAWK-5B                 
1 52756U 22057AA  23267.89183445  .00008520  00000+0  42129-3 0  9998
2 52756  97.5467  22.8399 0009192 359.1614   0.9603 15.18045547 73747
HAWK-5A                 
1 52757U 22057AB  23267.89161907  .00008753  00000+0  43264-3 0  9997
2 52757  97.5545  23.3519 0009637   2.5842 357.5440 15.18045353 73746
HAWK-6B                 
1 55324U 23011A   23267.28412107  .00005384  00000+0  35278-3 0  9998
2 55324  40.5196 340.4438 0003733 105.1708 254.9509 15.08138410 36554
HAWK-6C                 
1 55326U 23011C   23267.28383693  .00005241  00000+0  34370-3 0  9991
2 55326  40.4881 339.7276 0003709  93.8785 266.2443 15.08133300 36565
HAWK-6A                 
1 55327U 23011D   23267.61480089  .00005798  00000+0  37900-3 0  9995
2 55327  40.5042 338.2193 0003653  91.7208 268.4015 15.08141749 36614
HAWK-7A                 
1 56191U 23054P   23267.27164880  .00007573  00000+0  34517-3 0  9996
2 56191  97.3937 160.7823 0009243  40.7540 319.4385 15.20898358 25253
HAWK-7B                 
1 56193U 23054R   23267.66602030  .00008320  00000+0  37921-3 0  9998
2 56193  97.3768 160.8173 0007668  21.4760 338.6796 15.20878464 25317
HAWK-7C                 
1 56200U 23054Y   23268.12636864  .00009524  00000+0  43449-3 0  9990
2 56200  97.3845 161.4420 0010300  10.3328 349.8118 15.20787949 25384
