CALSPHERE 1             
1 00900U 64063C   23267.90074483  .00000972  00000+0  10153-2 0  9992
2 00900  90.1931  49.8305 0027693  66.6137  31.3189 13.74490167934440
CALSPHERE 2             
1 00902U 64063E   23267.84880841  .00000093  00000+0  12633-3 0  9990
2 00902  90.2070  53.2424 0016824 236.4847 293.6247 13.52762728721552
LCS 1                   
1 01361U 65034C   23267.71995796  .00000003  00000+0 -63229-3 0  9990
2 01361  32.1463  22.9715 0005788 102.8755 257.2389  9.89303466111203
TEMPSAT 1               
1 01512U 65065E   23267.86208491  .00000069  00000+0  11904-3 0  9991
2 01512  89.9411 215.3798 0070200 164.8407 250.4392 13.33487211827260
CALSPHERE 4A            
1 01520U 65065H   23267.88009932  .00000137  00000+0  24521-3 0  9996
2 01520  89.9620 129.2321 0070373  35.1732  91.7264 13.35991496829665
OPS 5712 (P/L 160)      
1 02826U 67053A   23268.19408588  .00012427  00000+0  28987-2 0  9994
2 02826  69.9258 275.5694 0004115   6.4017 353.7171 14.54885892920716
OPS 5712 (P/L 153)      
1 02874U 67053H   23267.93705590  .00000114  00000+0  12075-3 0  9993
2 02874  69.9723  90.1785 0005744  29.7029 330.4402 13.96505636867672
SURCAL 150B             
1 02909U 67053J   23268.21202698  .00028810  00000+0  46063-2 0  9991
2 02909  69.9429 239.7944 0001250 343.1054  17.0049 14.71705002932289
RIGIDSPHERE 2 (LCS 4)   
1 05398U 71067E   23267.95387026  .00001424  00000+0  48410-3 0  9996
2 05398  87.6164 254.6543 0060042 293.1951  66.2930 14.35041599730850
COSMOS 2493 (SKRL-756 1)
1 39490U 13078A   23268.08524074  .00004157  00000+0  40775-3 0  9997
2 39490  82.4183 148.1471 0016264 358.3828   1.7335 14.91917787529239
COSMOS 2494 (SKRL-756 2)
1 39491U 13078B   23268.11978852  .00004279  00000+0  40223-3 0  9992
2 39491  82.4174 140.8199 0019663 328.7405  31.2644 14.93564812529627
