CRE (WAAS/PRN 138)      
1 28868U 05036A   23268.00778487 -.00000083  00000+0  00000+0 0  9998
2 28868   1.7394  88.7495 0002037  68.2381 102.0970  1.00271669 66169
IOR-W (EGNOS/PRN 126)   
1 28899U 05044A   23267.75605134  .00000004  00000+0  00000+0 0  9992
2 28899   3.8768  40.8017 0002833 150.1996 148.4367  1.00272473 65524
QZS-1 (QZSS/PRN 183)    
1 37158U 10045A   23267.82202189 -.00000014  00000+0  00000+0 0  9990
2 37158  42.8965 127.4394 0003112 109.2655  78.4738  0.87715172 47663
GSAT-8 (GAGAN/PRN 127)  
1 37605U 11022A   23267.89077365  .00000076  00000+0  00000+0 0  9993
2 37605   0.0224 279.5560 0005586 329.8151 129.8466  1.00271895 43228
LUCH 5A (SDCM/PRN 140)  
1 37951U 11074B   23267.86898043 -.00000054  00000+0  00000+0 0  9992
2 37951   6.1935  89.3391 0004449  79.0850 314.8271  1.00269516 43063
SES-5 (EGNOS/PRN 136)   
1 38652U 12036A   23267.55032036  .00000027  00000+0  00000+0 0  9997
2 38652   0.0537 305.8744 0002195 232.6350  27.7199  1.00272390 41071
GSAT-10 (GAGAN/PRN 128) 
1 38779U 12051B   23267.86299537 -.00000174  00000+0  00000+0 0  9993
2 38779   0.0151 188.2944 0002388  56.2326 152.6113  1.00271197 40128
LUCH 5B (SDCM/PRN 125)  
1 38977U 12061A   23267.76108910 -.00000139  00000+0  00000+0 0  9998
2 38977   8.2994  58.9473 0005869 117.0720  85.0444  1.00271352 40189
ASTRA 5B (EGNOS/PRN 123)
1 39617U 14011B   23267.81646494  .00000128  00000+0  00000+0 0  9994
2 39617   0.0884 300.5474 0003736 260.2215 120.0453  1.00269825 34676
LUCH 5V (SDCM/PRN 141)  
1 39727U 14023A   23267.85049650 -.00000277  00000+0  00000+0 0  9990
2 39727   2.6243  77.1779 0003368 139.8375 187.3277  1.00273505 34365
GSAT-15 (GAGAN/PRN 139) 
1 41028U 15065A   23268.06021483 -.00000267  00000+0  00000+0 0  9991
2 41028   0.0017 176.0045 0002236 354.6335 308.1859  1.00270842 28873
E 117 W B (WAAS/PRN 131)
1 41589U 16038B   23267.88429642 -.00000020  00000+0  00000+0 0  9999
2 41589   0.0377  19.9007 0000230 236.6959 308.2096  1.00272036 26677
SES-15 (WAAS/PRN 133)   
1 42709U 17026A   23268.12474918  .00000050  00000+0  00000+0 0  9998
2 42709   0.0398  22.3197 0001146 151.2673 105.8736  1.00271422 24190
QZS-2 (QZSS/PRN 184)    
1 42738U 17028A   23267.29247240 -.00000135  00000+0  00000+0 0  9990
2 42738  41.0132 257.5810 0749260 270.3515  80.5873  1.00259686 23144
QZS-3 (QZSS/PRN 189)    
1 42917U 17048A   23268.00457933 -.00000357  00000+0  00000+0 0  9999
2 42917   0.0586 159.0362 0001793  29.7368 303.5056  1.00272197 22370
QZS-4 (QZSS/PRN 185)    
1 42965U 17062A   23267.54211017 -.00000306  00000+0  00000+0 0  9991
2 42965  40.6277 356.1902 0749650 269.6371  72.0887  1.00274721 21813
BEIDOU-3 G1 (PRN 130)   
1 43683U 18085A   23268.03313213 -.00000286  00000+0  00000+0 0  9998
2 43683   1.5576 122.9828 0002879 356.2066  36.4434  1.00271086 18060
BEIDOU-3 G2 (PRN 144)   
1 45344U 20017A   23267.86299537 -.00000148  00000+0  00000+0 0  9991
2 45344   2.0613  17.2201 0003295 163.7717 213.1513  1.00270274 13270
BEIDOU-3 G3 (PRN 143)   
1 45807U 20040A   23267.86837726 -.00000361  00000+0  00000+0 0  9996
2 45807   0.6011 348.0314 0005995 324.8558 113.6007  1.00264317 12083
GALAXY 30 (WAAS/PRN 135)
1 46114U 20056C   23267.65561205  .00000029  00000+0  00000+0 0  9998
2 46114   0.0220 166.0866 0002336  17.6435 290.5147  1.00270410 11303
