ISS (ZARYA)             
1 25544U 98067A   23253.18262176  .00016345  00000+0  30282-3 0  9994
2 25544  51.6400 267.4686 0005315   1.5608 116.7563 15.49124995414974
ISS DEB                 
1 47853U 98067RZ  23252.37240285  .00038469  00000+0  27428-3 0  9997
2 47853  51.6336 228.6082 0001559  87.2763 272.8414 15.73413899142043
CSS (TIANHE)            
1 48274U 21035A   23252.77713143  .00034704  00000+0  38685-3 0  9993
2 48274  41.4751   1.4411 0010169 335.4013  24.6340 15.62042717135054
ISS (NAUKA)             
1 49044U 21066A   23252.54011236  .00046948  00000+0  85123-3 0  9994
2 49044  51.6396 270.6474 0005355 358.5237 134.2819 15.49122867414871
FREGAT DEB              
1 49271U 11037PF  23252.80113290  .00012323  00000+0  41383-1 0  9993
2 49271  51.6303  67.0795 0909796 250.0760  99.9906 12.05093857101102
CSS (WENTIAN)           
1 53239U 22085A   23252.45745195  .00031944  00000+0  35683-3 0  9991
2 53239  41.4751   3.3899 0010173 333.1534  26.8778 15.62020094135008
CSS (MENGTIAN)          
1 54216U 22143A   23252.45745195  .00031944  00000+0  35683-3 0  9992
2 54216  41.4751   3.3899 0010173 333.1534  26.8778 15.62020094135004
TIANZHOU-5              
1 54237U 22152A   23252.45745195  .00031944  00000+0  35683-3 0  9995
2 54237  41.4751   3.3899 0010173 333.1534  26.8778 15.62020094135007
SPORT                   
1 55129U 98067UW  23252.99102302  .00253619  00000+0  86142-3 0  9991
2 55129  51.6220 240.0154 0007823  67.9121 292.2714 15.88591670 39922
ISS DEB (SPX-26 IPA FSE)
1 55448U 98067VB  23252.37946567  .00067600  00000+0  55917-3 0  9995
2 55448  51.6324 255.5960 0008309  56.3818 303.7971 15.69593974 34445
SOYUZ-MS 23             
1 55688U 23024A   23252.54011236  .00046948  00000+0  85123-3 0  9991
2 55688  51.6396 270.6474 0005355 358.5237 134.2819 15.49122867414872
ARKSAT 1                
1 56311U 98067VC  23252.74741612  .00151595  00000+0  11261-2 0  9990
2 56311  51.6332 259.5538 0010057  44.4271 315.7532 15.71790124 21590
AURORASAT               
1 56312U 98067VD  23252.71622251  .00239639  00000+0  13231-2 0  9990
2 56312  51.6292 257.8134 0010643  45.0348 315.1514 15.78325171 21645
EX-ALTA-2               
1 56313U 98067VE  23253.05967572  .00156480  00000+0  11433-2 0  9991
2 56313  51.6298 257.8682 0009966  44.4179 315.7616 15.72166034 21667
LIGHTCUBE               
1 56314U 98067VF  23253.00957335  .00244790  00000+0  14444-2 0  9990
2 56314  51.6293 256.7737 0010905  39.5836 320.5958 15.76816320 21704
NEUDOSE                 
1 56315U 98067VG  23252.33515877  .00089522  00000+0  87830-3 0  9997
2 56315  51.6325 264.3002 0009540  33.5489 326.6108 15.65259790 21492
YUKONSAT                
1 56316U 98067VH  23252.40802689  .00107089  00000+0  90906-3 0  9993
2 56316  51.6318 262.5304 0010014  33.9592 326.2044 15.68752969 21547
ISS DEB                 
1 56434U 98067VJ  23252.52494219  .00069448  00000+0  73824-3 0  9999
2 56434  51.6358 264.8376 0009202  44.5633 315.6100 15.63341597 20075
TIANZHOU-6              
1 56446U 23063A   23252.45745195  .00031944  00000+0  35683-3 0  9991
2 56446  41.4751   3.3899 0010173 333.1534  26.8778 15.62020094135001
PROGRESS-MS 23          
1 56740U 23071A   23252.54011236  .00046948  00000+0  85123-3 0  9993
2 56740  51.6396 270.6474 0005355 358.5237 134.2819 15.49122867414872
SHENZHOU-16 (SZ-16)     
1 56761U 23077A   23252.45745195  .00031944  00000+0  35683-3 0  9996
2 56761  41.4751   3.3899 0010173 333.1534  26.8778 15.62020094135001
ISS DEB                 
1 57212U 98067VP  23252.53385702  .00032504  00000+0  49253-3 0  9993
2 57212  51.6377 269.3978 0006594  18.6065 341.5165 15.54315314 11821
1998-067VQ              
1 57312U 98067VQ  23253.07449084  .00068152  00000+0  92486-3 0  9992
2 57312  51.6372 266.2599 0005458  73.0242 287.1348 15.56986292 10213
1998-067VR              
1 57313U 98067VR  23253.08456569  .00057155  00000+0  79602-3 0  9996
2 57313  51.6376 266.3280 0003365  64.5600 295.5739 15.56371260 10225
1998-067VS              
1 57314U 98067VS  23253.06037288  .00153752  00000+0  17305-2 0  9999
2 57314  51.6319 265.4037 0006759  53.7103 306.4514 15.61522621 10229
1998-067VT              
1 57315U 98067VT  23253.07124875  .00070364  00000+0  94942-3 0  9990
2 57315  51.6365 266.2363 0005863  73.5283 286.6353 15.57124306 10229
MOONLIGHTER             
1 57316U 98067VU  23252.77848648  .00030642  00000+0  40146-3 0  9990
2 57316  51.6370 267.2816 0006514  51.1617 308.9956 15.58285831 10170
1998-067VV              
1 57317U 98067VV  23253.02980286  .00106390  00000+0  13042-2 0  9993
2 57317  51.6390 265.9675 0007211  64.3054 295.8683 15.59481148 10213
MAYA-5                  
1 57419U 98067VW  23252.31978730  .00080714  00000+0  10721-2 0  9990
2 57419  51.6371 270.2134 0009074  38.4051 321.7586 15.57459389  8108
MAYA-6                  
1 57420U 98067VX  23253.02625151  .00093599  00000+0  12382-2 0  9997
2 57420  51.6357 266.6807 0009153  40.3732 319.7938 15.57501838  8213
CYGNUS NG-19            
1 57488U 23110A   23252.54011236  .00046948  00000+0  85123-3 0  9997
2 57488  51.6396 270.6474 0005355 358.5237 134.2819 15.49122867414872
PROGRESS-MS 24          
1 57691U 23125A   23252.54011236  .00046948  00000+0  85123-3 0  9999
2 57691  51.6396 270.6474 0005355 358.5237 134.2819 15.49122867414878
CREW DRAGON 7           
1 57697U 23128A   23252.54011236  .00046948  00000+0  85123-3 0  9998
2 57697  51.6396 270.6474 0005355 358.5237 134.2819 15.49122867414874
