NOAA 15                 
1 25338U 98030A   23274.15057233  .00000323  00000+0  15227-3 0  9992
2 25338  98.5993 301.3655 0010427  11.0313 349.1094 14.26399567320368
DMSP 5D-3 F15 (USA 147) 
1 25991U 99067A   23273.77222222  .00000324  00000+0  18504-3 0  9999
2 25991  99.0741 279.1189 0009090 298.2724  55.0170 14.16805451230375
DMSP 5D-3 F16 (USA 172) 
1 28054U 03048A   23274.17129223  .00000338  00000+0  20227-3 0  9998
2 28054  99.0186 273.2877 0008335  70.2973  20.6061 14.13858276 29536
NOAA 18                 
1 28654U 05018A   23274.14209089  .00000375  00000+0  22463-3 0  9994
2 28654  98.9018 347.9839 0015242  81.5380 278.7518 14.13017624946538
METEOSAT-9 (MSG-2)      
1 28912U 05049B   23273.07579624  .00000119  00000+0  00000+0 0  9996
2 28912   7.0829  62.9449 0002179 172.6640 205.9403  1.00272545 65111
EWS-G1 (GOES 13)        
1 29155U 06018A   23274.15379058  .00000025  00000+0  00000+0 0  9998
2 29155   1.7763  90.0411 0005473 129.9955 266.6125  1.00276697 63580
DMSP 5D-3 F17 (USA 191) 
1 29522U 06050A   23274.14143380  .00000339  00000+0  20005-3 0  9997
2 29522  98.7541 285.0328 0010031   7.7739 352.3588 14.14300253872433
FENGYUN 3A              
1 32958U 08026A   23274.12805070  .00000252  00000+0  14116-3 0  9998
2 32958  98.5663 224.2997 0009807 101.2382 258.9897 14.18924912795080
FENGYUN 2E              
1 33463U 08066A   23273.52149788 -.00000210  00000+0  00000+0 0  9992
2 33463   6.9558  62.2195 0001144 221.8058 359.2047  1.00272044 54150
NOAA 19                 
1 33591U 09005A   23274.12912033  .00000291  00000+0  18148-3 0  9990
2 33591  99.0887 321.6968 0013001 307.2206  52.7778 14.12831035754903
GOES 14                 
1 35491U 09033A   23273.12480170 -.00000078  00000+0  00000+0 0  9991
2 35491   0.3708 265.1181 0003657 236.9136 162.9513  1.00271339 52175
DMSP 5D-3 F18 (USA 210) 
1 35951U 09057A   23274.14596115  .00000462  00000+0  26686-3 0  9996
2 35951  98.7803 248.5238 0010837 180.9647 179.1507 14.13863552719618
GOES 15                 
1 36411U 10008A   23273.65078310 -.00000242  00000+0  00000+0 0  9998
2 36411   0.3500 274.7957 0005222 313.7228 112.3311  0.99974587 49703
COMS 1                  
1 36744U 10032A   23273.74667066 -.00000354  00000+0  00000+0 0  9990
2 36744   2.2771  87.6922 0000967 113.6637 204.8350  1.00272267 48728
FENGYUN 3B              
1 37214U 10059A   23274.17089616  .00000211  00000+0  13401-3 0  9993
2 37214  99.0814 293.3214 0023200 106.5218 301.9980 14.14381850667491
SUOMI NPP               
1 37849U 11061A   23274.09803977  .00000188  00000+0  11002-3 0  9994
2 37849  98.7100 211.0372 0000963  59.9666 310.7287 14.19573206617968
FENGYUN 2F              
1 38049U 12002A   23273.53717691 -.00000365  00000+0  00000+0 0  9998
2 38049   4.9448  75.6696 0001906  92.1765 146.5601  1.00265869 42950
METEOSAT-10 (MSG-3)     
1 38552U 12035B   23274.14143337 -.00000020  00000+0  00000+0 0  9999
2 38552   2.3925  57.8115 0000197 144.4429 217.8607  1.00268645 41297
METOP-B                 
1 38771U 12049A   23274.17780128  .00000258  00000+0  13784-3 0  9994
2 38771  98.6673 331.7239 0001236  93.6559   0.2069 14.21502931572609
FENGYUN 3C              
1 39260U 13052A   23274.15974363  .00000212  00000+0  12773-3 0  9994
2 39260  98.4295 282.6389 0011124   3.7772 356.3485 14.16082728518526
METEOR-M 2              
1 40069U 14037A   23274.11633577  .00000206  00000+0  11457-3 0  9993
2 40069  98.4282 275.1899 0006552  43.3932 316.7761 14.20818277478692
HIMAWARI-8              
1 40267U 14060A   23273.55181069 -.00000287  00000+0  00000+0 0  9998
2 40267   0.0183 151.2461 0000979  66.0397 131.0738  1.00270707 32933
FENGYUN 2G              
1 40367U 14090A   23273.52995260 -.00000312  00000+0  00000+0 0  9994
2 40367   3.1200  84.4996 0000970 167.3823  47.6558  1.00267073 32101
METEOSAT-11 (MSG-4)     
1 40732U 15034A   23273.35509097  .00000050  00000+0  00000+0 0  9997
2 40732   0.7856  55.5195 0001523 232.1637 218.2447  1.00268227 30075
ELEKTRO-L 2             
1 41105U 15074A   23273.35047878 -.00000125  00000+0  00000+0 0  9994
2 41105   4.1722  82.5622 0003023 146.3570 251.6214  1.00271311 28588
HIMAWARI-9              
1 41836U 16064A   23273.75225079 -.00000286  00000+0  00000+0 0  9998
2 41836   0.0220 193.9971 0001241  22.1280 204.6686  1.00270545 25373
GOES 16                 
1 41866U 16071A   23273.55315444 -.00000260  00000+0  00000+0 0  9995
2 41866   0.0634 288.0973 0000838 310.9260 253.9491  1.00270726 25169
FENGYUN 4A              
1 41882U 16077A   23274.15933326 -.00000341  00000+0  00000+0 0  9991
2 41882   0.2190 285.9613 0004680  99.2580 146.2178  1.00276958 25051
CYGFM05                 
1 41884U 16078A   23273.05803801  .00008537  00000+0  36971-3 0  9990
2 41884  34.9541 147.1574 0014110 342.3706  17.6517 15.21581209376214
CYGFM04                 
1 41885U 16078B   23273.97481249  .00009509  00000+0  40280-3 0  9998
2 41885  34.9462 127.6917 0012208  11.6655 348.4339 15.22331449376583
CYGFM02                 
1 41886U 16078C   23273.69486094  .00008597  00000+0  36469-3 0  9991
2 41886  34.9558 131.8653 0012986   1.3569 358.7178 15.22294669376539
CYGFM01                 
1 41887U 16078D   23273.05987246  .00008669  00000+0  37801-3 0  9998
2 41887  34.9510 150.3764 0014515 341.2465  18.7712 15.21336877376150
CYGFM08                 
1 41888U 16078E   23273.34133620  .00009053  00000+0  38769-3 0  9992
2 41888  34.9478 138.7850 0013444 358.4247   1.6423 15.21956111376382
CYGFM07                 
1 41890U 16078G   23273.98065570  .00009630  00000+0  40690-3 0  9990
2 41890  34.9489 127.2435 0011831   9.3070 350.7862 15.22418171376580
CYGFM03                 
1 41891U 16078H   23274.00430830  .00009218  00000+0  39178-3 0  9991
2 41891  34.9522 128.0491 0011288   5.9801 354.1046 15.22236260376578
FENGYUN 3D              
1 43010U 17072A   23274.09956846  .00000250  00000+0  14057-3 0  9996
2 43010  98.8718 222.7859 0002006  33.8445 326.2858 14.19211399304529
NOAA 20                 
1 43013U 17073A   23274.13107879  .00000199  00000+0  11512-3 0  9994
2 43013  98.7179 210.9291 0001241 105.5317 254.5997 14.19570074304004
GOES 17                 
1 43226U 18022A   23273.61911757 -.00000103  00000+0  00000+0 0  9997
2 43226   0.0292  22.7550 0002001 159.6502 304.8873  1.00271186 20500
FENGYUN 2H              
1 43491U 18050A   23273.52096016 -.00000136  00000+0  00000+0 0  9990
2 43491   2.3437  89.5244 0003538 102.1077  83.9823  1.00268612 19572
METOP-C                 
1 43689U 18087A   23274.12601706  .00000230  00000+0  12504-3 0  9994
2 43689  98.7195 331.8823 0003840 105.5970 254.5631 14.21474078254174
GEO-KOMPSAT-2A          
1 43823U 18100A   23273.95209882 -.00000355  00000+0  00000+0 0  9992
2 43823   0.0471  26.6645 0001447 108.4492 345.3518  1.00272968 17739
METEOR-M2 2             
1 44387U 19038A   23274.14522423  .00000110  00000+0  67867-4 0  9997
2 44387  98.7890 237.8946 0001707  34.5675 325.5614 14.23809735220386
FENGYUN 3E              
1 49008U 21062A   23274.15122618  .00000058  00000+0  48085-4 0  9997
2 49008  98.7276 274.0342 0002607  72.3469 287.7992 14.19699732116092
GOES 18                 
1 51850U 22021A   23274.11428231  .00000085  00000+0  00000+0 0  9997
2 51850   0.0117  28.2851 0000453 180.3148  65.1493  1.00273007  5871
NOAA 21 (JPSS-2)        
1 54234U 22150A   23273.23074797  .00000201  00000+0  11596-3 0  9991
2 54234  98.7215 209.5570 0001601  93.1287 267.0072 14.19553937 45952
METEOSAT-12             
1 54743U 22170C   23273.35256733 -.00000045  00000+0  00000+0 0  9994
2 54743   0.5189 322.9353 0002119 205.1801 324.1360  1.00269209  3039
METEOR-M2 3             
1 57166U 23091A   23274.11344874  .00000051  00000+0  41673-4 0  9990
2 57166  98.7539 325.5954 0004508 150.6032 209.5401 14.23845155 13615
FENGYUN 3F              
1 57490U 23111A   23274.11268237  .00000139  00000+0  86858-4 0  9992
2 57490  98.8045 340.2268 0001898 105.0736 255.0650 14.19710524  8379
